1480 0000000186
1108 0000000059
1431 0000000421
1470 0000000334
1672 0000000227
0771 0000000212
1512 0000000283
1689 0000000300
1769 0000000503
1365 0000000546
1528 0000000377
1342 0000000563
1281 0000000759
1313 0000000533
1302 0000004673
1678 0000000171
1720 0000000316
1773 0000000431
1389 0000000862
1379 0000000983
1791 0000000489
0807 0000000824
1282 0000001049
1221 0000000218
1315 0000001076
1486 0000000315
1637 0000000296
0938 0000000501
1614 0000000273
1038 0000162106
1662 0000000082
1409 0000001417
1656 0000000589
1684 0000000164
1290 0000000548
1329 0000001700
1588 0000001289
1688 0000000583
0654 0000000778
1551 0000000506
0709 0000000081
1534 0000000268
1732 0000000195
1704 0000000523
1266 0000000440
1021 0000000259
0804 0000000532
1008 0000001995
1295 0000000166
1252 0000000547
1816 0000000101
0797 0000000864
1817 0000000691
0832 0000000252
1812 0000000324
0763 0000002310
1725 0000000283
1323 0000000176
1305 0000000211
1309 0000000896
1630 -0000055227
1572 0000000535
1370 0000000969
0894 0000001798
1436 0000000367
1561 0000000483
1605 0000001793
1464 0000000091
0980 0000002135
1450 0000000244
1374 0000000136
1304 0000000319
1381 0000001231
1382 0000002244
1079 0000008214
1557 0000001601
1351 0000000113
0728 0000000322
0617 0000193762
0950 0000000628
1669 0000000841
1641 0000001503
0701 0000000472
1768 0000000201
1347 0000000460
0921 0000000312
0905 0000000101
1475 0000000395
0961 0000000494
0897 0000001405
